3.7	1.388
45.788	1.123
76.312	0.925
277.963	0.925
282.924	1.472
290.912	0.694
294.612	1.388
303.526	1.472
316.812	0.462
326.062	0.462
50.598	2.312
71.688	2.312
269.175	2.498
288.138	2.775
37	3.052
274.262	3.978
340.978	3.353
346.297	3.353
351.153	3.122
42.088	4.348
129.847	4.047
134.588	4.163
291.683	4.317
299.052	4.163
58.738	5.828
84.902	5.088
279.224	5.172
46.898	6.012
284.16	6.66
294.444	6.769
52.448	6.938
303.246	7.04
38.388	7.863
132.317	8.451
289.248	7.863
337.625	7.678
342.815	8.479
0.925	8.788
43.29	9.435
275.608	9.124
298.775	9.25
26.825	9.897
77.238	9.712
82.788	9.712
280.635	10.021
328.94	10.021
8.788	10.638
48.748	10.638
102.097	10.522
333.925	11.1
96.971	11.665
293.872	11.562
302.938	12.303
38.388	13.228
339.753	12.488
31.45	13.598
344.562	13.413
26.26	14.954
277.153	14.222
297.572	16.049
330.519	15.094
120.712	15.263
136.553	15.147
47.452	16.188
335.929	16.29
273.338	17.853
340.862	17.112
52.378	17.922
73.538	18.038
96.663	18.038
302.012	18.038
345.95	18.222
1.388	19.702
278.047	19.299
326.988	18.963
6.752	19.888
30.062	20.628
78.625	19.888
141.885	20.504
332.352	19.888
337.603	21.165
293.688	21.738
298.733	22.326
342.61	22.354
274.262	22.662
303.965	23.279
323.472	22.662
347.44	23.279
14.338	24.328
19.425	24.05
217.838	23.588
328.838	23.588
3.7	24.328
45.973	24.975
75.079	24.41
279.35	24.513
333.967	24.849
339.181	26.194
125.44	26.979
132.275	26.825
295.538	26.362
383.875	26.362
35.613	27.288
214.446	27.39
300.903	27.288
325.24	27.596
344.1	27.103
11.748	28.675
16.65	28.675
107.762	28.213
120.404	28.11
201.072	28.328
219.585	28.521
305.713	28.213
310.893	28.86
330.351	28.717
349.188	28.213
146.51	29.754
205.812	29.6
280.635	29.446
354.275	29.138
141.165	30.679
316.224	29.978
335.312	29.798
20.998	31.45
129.038	30.988
134.125	31.45
210.9	30.988
247.438	30.988
285.362	30.988
340.862	30.988
7.863	32.652
123.796	31.81
215.885	32.221
252.885	32.221
302.822	32.028
326.885	32.529
345.796	32.015
2.775	33.3
14.338	33.022
202.297	33.3
220.781	33.594
277.192	32.683
307.678	32.953
350.922	32.953
36.422	33.647
149.572	33.762
239.112	33.762
257.728	33.647
312.928	33.762
332.075	33.578
144.763	34.688
207.478	34.688
225.854	34.79
244.046	34.585
281.547	34.572
317.853	34.803
51.029	35.51
212.288	35.798
249.288	35.798
286.185	36.229
307.316	36.661
322.867	36.201
180.028	36.422
199.222	36.653
217.19	37.185
235.69	37.185
254.19	37.185
300.81	37.092
0.859	38.123
5.676	37.547
277.847	37.347
147.722	38.388
203.778	38.388
222.278	38.388
240.962	38.388
259.278	38.388
314.5	38.85
40.238	39.775
208.588	39.498
227.272	39.775
245.588	39.498
282.403	39.312
305.528	39.312
384.029	39.775
16.002	40.238
176.398	40.238
213.675	40.7
250.633	40.826
319.279	40.135
3.777	42.01
9.528	41.162
181.763	41.162
200.263	41.902
232.021	41.06
287.213	41.162
310.153	41.902
116.19	42.704
151.34	42.396
218.578	42.088
237.078	42.088
255.763	42.088
261.775	42.55
278.065	42.396
301.203	42.203
168.072	43.012
205.072	43.012
223.696	43.115
242.072	43.012
306.049	44.19
73.229	44.04
173.253	43.938
209.975	44.4
247.101	44.358
282.865	44.585
315.271	44.04
178.178	44.978
196.562	45.602
228.601	44.778
297.388	45.127
7.631	46.404
154.753	46.25
159.562	45.788
214.878	45.788
233.562	45.788
252.062	45.788
274.262	45.788
130.271	46.61
149.49	47.021
164.804	46.815
201.372	46.713
257.15	47.175
2.498	47.638
77.238	47.638
169.738	47.638
206.275	48.1
278.888	47.638
301.396	47.432
310.338	47.638
72.15	49.025
89.262	48.562
174.867	48.899
270.1	48.748
383.528	48.678
96.354	49.385
211.178	49.488
230.048	49.488
248.362	49.488
283.512	49.673
161.412	50.412
198.413	50.677
216.103	50.528
225.238	51.152
235.297	50.528
253.45	50.598
274.725	50.875
10.638	51.338
80.938	51.338
166.153	51.453
202.922	51.453
258.538	52.078
16.072	52.147
75.85	52.725
207.663	53.002
273.594	54.781
279.35	52.725
288.253	52.147
302.115	52.879
106.838	53.65
194.292	53.524
268.25	53.65
292.948	53.65
63.548	54.113
84.535	54.729
212.403	53.997
228.938	54.575
249.75	54.298
263.162	53.848
382.488	54.113
53.188	55.038
162.758	55.374
199.153	55.038
284.252	55.038
297.556	55.794
80.012	56.148
203.962	56.702
224.128	55.963
57.812	56.888
190.55	57.073
289.062	56.888
302.368	58.097
345.385	57.504
372.312	56.888
88.523	58.275
110.273	57.812
208.924	57.897
265.822	57.928
270.647	58.149
279.812	58.275
293.996	59.123
377.554	57.71
49.488	58.738
104.988	58.738
195.453	58.738
214.138	58.738
329.454	58.84
335.035	59.385
382.488	58.738
83.712	59.662
200.16	59.971
284.9	60.125
308.179	59.765
340.4	59.662
186.572	60.588
274.725	61.05
369.201	61.092
78.625	61.328
205.224	61.597
298.312	61.512
374.162	61.698
45.788	62.438
191.753	62.438
303.678	63.178
379.597	62.553
384.106	62.438
87.413	63.363
196.447	63.478
270.562	63.363
280.275	63.363
321.438	63.363
326.802	63.363
332.075	63.548
337.265	63.979
82.325	64.75
92.346	65.11
187.775	65.398
201.372	65.212
285.478	65.097
308.95	65.028
371.018	65.86
206.401	66.558
275.188	66.138
300.317	66.908
376.013	66.6
192.678	67.062
295.538	67.062
324.128	67.651
381.678	67.178
197.488	68.728
211.362	67.988
270.562	68.728
305.25	68.82
318.662	67.988
329.3	68.172
334.503	68.103
183.797	68.913
279.928	68.797
93.61	70.208
202.729	69.94
188.854	70.66
298.421	72.068
303.965	73.709
310.338	70.762
378.14	71.41
177.022	71.572
207.478	71.688
275.188	72.242
293.225	72.15
70.023	73.075
280.552	73.352
321.129	72.51
326.248	72.612
331.705	72.612
90.002	73.538
268.713	73.538
373.658	73.874
5.088	74.462
94.812	75.202
172.821	74.565
203.698	74.462
247.715	75.018
308.302	75.388
313.215	76.004
177.6	76.312
272.515	76.929
295.414	76.867
318.478	76.775
277.5	77.7
328.838	77.238
378.171	77.135
91.113	78.902
201.188	78.163
206.738	78.163
301.088	78.163
5.088	80.012
247.54	80.629
305.597	79.897
310.338	80.198
374.162	80.012
286.288	80.938
291.375	81.4
315.148	80.938
76.197	81.747
87.228	82.325
197.95	82.048
296.925	81.862
326.062	81.862
364.45	82.048
379.096	81.965
302.097	83.124
369.538	83.528
92.038	83.898
278.271	83.815
307.1	84.175
61.05	84.452
250.315	84.946
283.41	85.254
312.085	84.946
374.625	85.1
183.15	86.025
201.496	85.665
245.403	85.562
288.322	85.562
293.688	85.748
317.121	85.665
383.528	85.678
196.562	87.228
365.786	88.492
98.328	87.413
107.208	87.69
178.062	87.413
209.698	87.875
298.498	87.413
378.903	87.297
88.338	88.338
93.383	89.178
173.438	88.338
303.862	88.338
370.565	88.646
248.548	89.725
285.362	90.002
308.95	89.078
314.038	90.002
102.549	90.103
111.462	90.188
186.724	90.103
200.078	90.65
243.275	90.372
322.23	91.179
327.912	90.188
181.763	91.113
213.521	91.215
362.831	90.881
98.05	92.5
176.675	92.223
332.538	92.038
359.774	92.346
107.023	92.962
171.69	93.271
190.088	93.702
325.446	92.654
369.435	93.579
203.86	94.504
217.56	94.535
317.473	93.888
349.303	94.003
38.696	94.915
102.521	95.044
111.462	95.552
185.278	94.812
240.962	94.812
245.588	94.812
364.296	94.71
180.221	95.969
199.153	95.738
212.624	96.242
322.178	94.998
326.525	95.738
355.662	95.738
156.51	97.31
175.203	97.251
193.703	97.251
14.8	97.588
106.838	97.773
207.663	97.588
236.235	98.204
319.503	98.134
360.624	98.092
188.574	98.428
351.86	98.821
55.374	99.942
66.138	99.173
165.112	99.438
183.612	99.622
202.853	99.438
216.324	99.522
243.552	99.438
248.178	100.178
346.412	99.438
365.417	99.774
60.125	99.9
102.212	100.363
111.185	100.733
160.302	105.173
178.71	101.01
229.862	100.363
315.271	100.465
326.399	100.867
356.588	101.102
211.362	101.288
253.604	101.39
291.838	101.288
116.828	102.212
155.4	102.398
173.746	102.11
206.738	102.952
318.431	102.444
63.363	103.322
68.373	103.831
106.838	103.138
150.312	103.138
168.812	103.138
181.586	106.133
220.15	103.322
321.553	103.253
361.398	103.138
14.338	104.062
20.196	104.165
57.998	104.062
163.683	104.651
185.378	104.651
216.375	105.913
245.279	104.165
352.579	104.165
38.051	105.408
102.128	105.576
177.138	105.728
228.938	104.988
250.212	104.988
281.508	105.142
295.422	104.872
366.3	104.988
53.188	106.375
120.25	105.913
190.272	105.913
210.335	106.221
255.258	106.249
276.39	106.19
290.172	106.375
317.738	106.375
357.397	106.028
115.265	107.146
138.403	106.953
153.55	107.3
172.513	106.838
223.976	106.922
384.106	106.838
3.742	108.099
70.931	108.519
74.462	107.762
77.422	107.762
148.462	108.225
167.299	108.267
285.362	107.762
362.23	107.948
262.238	109.15
322.247	108.572
123.672	109.613
129.038	109.877
186.572	109.613
214.138	109.798
269.175	109.798
280.121	109.715
294.024	109.697
309.31	109.921
314.038	110.369
352.117	110.435
367.071	109.715
380.753	109.728
0.462	110.538
118.863	110.538
157.25	110.538
177.138	111.565
191.601	110.958
209.086	111.32
228.013	110.538
345.488	110.538
74.799	111.883
85.1	111.648
104.803	111.462
170.662	112.202
222.925	111.925
274.262	111.462
289.062	111.462
358.438	111.462
34.688	112.388
63.26	113.004
68.272	112.743
71.688	112.388
80.012	112.388
152.471	112.285
196.562	112.388
203.962	113.128
3.826	113.228
165.853	113.312
183.15	113.312
217.838	113.312
265.198	113.312
284.438	113.312
357.909	115.229
363.062	113.312
160.672	114.238
188.238	114.423
306.175	114.7
311.178	114.826
381.562	114.978
77.322	115.415
88.338	115.625
108.502	115.163
156.325	115.163
174.362	115.902
192.862	115.902
212.75	114.978
226.625	115.348
270.1	114.978
292.878	115.047
0.462	116.088
37.925	116.55
72.15	116.273
83.143	116.443
207.868	116.396
261.649	116.592
288.053	116.676
348.262	116.088
353.35	115.902
367.225	116.273
33.3	117.845
169.429	117.244
179.576	116.928
198.076	117.097
221.538	117.012
58.121	117.835
97.125	118.4
164.419	118.554
184.435	118.246
266.358	118.274
283.328	117.938
296.925	118.4
362.406	120.951
76.901	118.778
81.202	120.779
159.1	119.325
189.583	119.451
314.346	118.965
86.319	120.544
91.729	119.685
109.428	120.25
257.612	120.25
271.179	119.89
291.838	119.788
303.862	119.788
309.412	119.788
355.662	120.528
176.212	120.712
194.528	120.712
345.488	121.175
350.729	120.61
369.075	120.898
72.612	121.638
180.838	121.822
199.338	121.822
262.238	121.638
287.097	121.522
185.925	123.025
204.551	123.067
282.419	123.319
321.9	122.562
76.775	123.95
162.338	123.488
267.325	123.303
296	123.488
311.262	124.228
59.56	125.029
191.013	124.413
272.412	125.153
306.453	124.413
332.538	124.413
353.35	124.875
358.746	124.515
365.838	125.153
84.638	125.338
177.322	125.8
342.713	125.8
72.612	126.447
182.267	126.851
1.976	127.608
9.712	127.188
285.825	127.003
324.213	127.188
370.36	127.804
280.738	128.112
298.312	128.112
303.4	128.575
329.174	128.197
68.09	129.654
173.942	129.374
191.601	129.458
275.65	128.853
308.488	129.038
334.388	129.038
362.138	129.038
366.351	129.757
178.885	130.579
270.562	129.962
339.321	129.86
289.248	130.888
1.619	131.581
284.129	132.018
325.96	132.121
4.902	132.738
170.354	132.84
278.888	132.738
305.713	132.922
331.15	132.922
368.939	132.792
11.562	133.662
175.103	134.125
200.725	133.662
274.147	133.778
336.238	133.662
362.96	133.971
293.572	134.472
341.479	134.69
0.694	135.513
287.521	135.615
322.247	135.397
282.485	137.054
327.324	137.026
171.485	137.979
333.093	137.825
93.772	138.172
338.203	138.403
365.838	138.288
176.398	139.212
342.99	139.49
360.288	139.212
339.783	143.067
363.872	143.028
178.178	143.953
357.975	143.838
43.822	144.647
183.242	145.133
75.696	145.482
12.488	146.612
80.938	146.612
0.771	148
180.067	148.617
35.613	149.388
150.428	149.272
268.713	149.388
50.598	150.312
55.778	150.312
136.746	150.415
145.688	151.238
273.338	151.238
154.753	152.162
127.085	153.704
141.062	153.55
163.571	152.985
264.396	153.19
278.271	152.985
150.035	154.29
269.638	154.753
382.488	154.475
47.464	155.284
53.188	154.938
58.429	154.835
158.638	155.122
30.525	155.862
136.438	155.862
145.225	156.325
167.888	155.862
274.178	156.451
357.975	155.862
363.062	156.325
376.822	155.747
154.013	156.972
260.503	156.672
292.762	156.788
7.4	158.175
131.02	157.646
162.842	158.049
265.66	158.082
279.072	157.712
297.388	157.712
12.488	158.638
50.581	159.394
55.577	159.331
140.878	158.638
149.388	159.378
171.69	158.946
33.342	160.151
38.85	160.025
136.297	162.225
270.562	159.562
284.129	159.46
354.84	160.179
380.638	159.562
43.938	160.488
158.522	160.372
166.962	161.228
289.062	160.488
360.102	160.488
375.91	160.796
261.312	161.598
275.372	161.412
294.276	161.497
26.783	162.674
59.662	162.338
153.676	162.253
266.678	163.324
280.275	162.8
298.868	162.153
383.69	163.355
14.453	163.378
48.1	163.725
53.103	163.851
162.338	163.263
44.863	164.65
285.362	164.188
351.847	164.072
357.05	164.65
379.713	164.188
103.96	165.729
157.712	165.297
252.525	165.575
290.912	165.853
362.138	165.112
257.612	166.038
263.06	166.654
295.874	166.542
301.088	166.038
6.321	167.065
11.46	167.579
130.888	166.962
153.088	167.425
367.688	166.962
50.412	168.072
55.5	168.35
140.894	168.056
145.856	168.644
162.001	168.308
281.662	167.888
348.378	167.772
382.95	168.072
45.048	168.812
249.119	169.569
353.812	168.812
358.9	169.275
16.188	169.738
126.262	169.738
254.333	170.326
372.775	169.922
85.562	170.662
157.376	170.578
259.463	170.662
277.5	170.478
298.649	171.083
363.988	170.662
368.348	171.323
130.703	172.05
166.038	171.588
345.179	171.69
142.828	172.849
181.66	172.821
228.601	173.017
280.569	173.269
350.318	172.41
381.1	172.975
74.967	173.774
103.6	173.438
161.412	172.975
237.263	173.9
251.138	173.702
275.188	174.178
355.662	173.438
376.115	174.054
7.76	174.979
126.262	174.825
135.142	174.64
246.328	174.362
360.75	174.547
223.85	175.472
288.558	175.624
298.312	174.362
302.321	175.185
365.838	175.288
370.925	175.103
164.465	176.49
232.638	176.212
241.551	176.717
347.338	176.212
62.438	177.138
130.888	177.138
139.521	177.035
219.04	177.415
265.475	177.322
283.849	177.642
297.85	177.6
333.463	177.138
352.425	177.322
383.875	177.138
55.878	178.651
181.948	178.062
228.013	178.062
250.86	178.71
306.753	177.947
357.41	178.679
379.376	178.147
75.202	178.988
173.438	178.988
237.078	178.988
245.924	179.492
272.749	179.072
292.762	178.988
362.6	179.45
368.921	179.681
374.162	178.988
100.64	180.19
126.378	180.028
135.05	179.728
186.85	180.098
223.285	180.529
302.475	180.375
328.94	180.221
337.667	180.501
343.822	180.375
365.838	179.913
178.062	180.838
232.301	181.258
286.904	181.269
349.085	181.146
70.762	181.763
241.148	181.763
254.838	181.763
333.093	181.578
382.572	182.099
182.688	183.15
217.838	182.688
306.74	182.996
377.4	183.15
86.488	184.353
151.546	183.51
236.253	184.201
249.288	183.612
366.351	184.229
372.498	183.612
103.785	185.185
203.346	184.64
208.896	184.64
274.262	184.538
340.862	185
47.329	185.36
178.735	186.219
187.498	185.462
198.598	185.092
279.812	185.648
330.572	185.347
336.122	185.347
345.95	185.462
108.688	186.388
214.138	186.388
231.712	186.388
302.475	186.203
297.556	188.574
82.788	188.238
183.612	188.238
201.085	188.854
370.883	188.574
88.222	189.278
196.562	188.7
205.812	189.163
276.01	189.779
322.362	189.163
333.042	189.751
349.188	189.163
365.735	189.779
73.352	190.088
104.988	190.088
188.422	190.088
251.138	190.088
338.55	190.272
343.638	190.088
67.988	191.753
110.538	191.013
178.988	191.198
228.938	191.013
281.2	190.828
318.894	190.781
383.875	191.013
63.054	192.04
193.451	191.853
246.513	192.678
255.763	192.678
314.963	191.938
84.522	192.978
198.413	192.862
221.538	192.862
319.588	193.788
325.138	193.788
330.603	194.376
226.163	194.898
336.052	194.712
13.69	195.915
71.225	195.822
179.358	195.822
189.903	195.638
216.913	195.638
231.528	195.638
66.138	196.562
194.881	196.731
240.038	196.562
313.39	196.84
49.302	197.488
136.438	197.488
200.263	197.488
221.538	197.672
255.763	197.488
263.047	197.372
378.171	197.385
383.555	198.199
34.688	199.153
55.038	198.413
141.679	198.515
170.662	198.413
235.598	198.413
322.362	198.413
327.912	198.598
333	198.875
365.953	198.528
18.038	199.338
78.163	199.338
176.028	199.338
245.125	199.8
304.479	199.44
373.353	199.453
130.888	200.263
180.838	200.448
217.375	200.725
39.312	201.188
134.588	200.956
162.338	201.188
186.079	201.29
196.827	201.188
240.038	201.188
295.538	201.188
13.413	202.112
68.913	202.112
82.973	202.112
138.288	201.848
201.033	201.958
310.882	203.527
378.614	202.517
142.828	203.626
167.425	202.853
172.615	203.346
221.722	203.038
230.603	203.038
325.022	202.922
134.083	204.299
177.642	204.299
213.212	203.962
372.415	204.579
384.029	204.425
28.028	204.888
73.075	205.35
87.042	205.165
182.688	204.888
303.747	205.003
18.038	206.552
55.963	205.812
63.825	206.275
103.138	206.738
138.75	206.275
147.538	205.812
217.838	205.812
291.953	205.697
315.055	206.645
5.088	206.738
82.479	207.431
129.962	206.922
164.188	206.738
208.464	206.984
377.169	206.044
380.535	207.354
36.117	207.999
107.762	207.663
152.162	207.848
169.552	207.663
174.362	208.125
318.662	207.663
30.988	208.588
143.249	208.672
213.633	209.176
296.771	208.69
375.55	208.772
13.413	209.513
134.402	209.513
179.172	209.513
325.754	209.615
370.463	209.05
384.106	209.513
86.673	210.438
148	210.9
218.763	211.178
265.128	210.322
313.112	210.438
40.854	211.26
139.11	211.671
166.374	211.783
318.805	212.786
34.225	212.75
81.965	212.596
115.493	213.345
152.625	212.75
171.588	212.288
226.625	212.75
250.521	212.39
271.385	212.904
335.621	212.082
91.197	213.549
143.753	213.801
207.906	214.576
245.588	213.212
285.247	213.097
300.985	213.521
1.203	214.6
77.422	214.6
96.158	214.726
134.865	214.785
240.5	214.322
261.312	214.138
266.274	215.651
307.827	214.138
326.988	214.894
86.302	215.525
332.352	215.802
27.596	216.09
101.288	215.988
141.284	218.948
148.462	215.988
163.263	215.988
168.35	216.45
254.015	216.604
376.822	215.872
173.438	216.913
248.825	217.375
304.325	217.375
309.228	216.913
318.2	217.375
92.962	218.578
228.938	217.838
243.922	218.3
271.385	218.454
323.102	218.578
381.378	217.838
384.338	219.225
18.86	219.996
97.773	219.688
233.562	219.688
238.997	219.572
262.238	219.688
309.875	219.688
328.838	219.688
148.925	221.075
206.635	221.229
216.913	220.612
257.024	221.033
333.925	221.075
377.053	220.728
119.685	222.154
109.613	222.462
292.647	222.347
381.871	222.565
14.954	223.285
144.678	223.976
153.55	223.203
201.804	223.285
300.162	223.388
324.953	223.85
373.34	224.004
4.163	224.498
219.965	224.59
237.263	224.312
330.519	225.069
364.09	224.929
19.888	225.238
205.504	224.621
209.05	225.7
215.062	225.238
242.35	225.422
273.44	225.546
124.875	226.625
149.388	226.163
212.288	226.163
377.862	226.163
107.3	227.272
199.338	227.828
203.962	227.352
368.921	226.985
12.95	228.475
154.013	228.013
233.447	228.128
239.155	229.526
341.171	227.91
360.288	228.013
7.778	229.274
120.528	228.938
129.14	229.246
145.099	229.022
326.525	228.938
373.854	229.04
169.738	229.862
212.288	229.862
217.529	229.76
331.715	230.479
345.899	229.554
364.912	229.862
195.329	230.89
207.326	230.703
254.19	231.435
285.825	230.972
304.672	230.672
15.031	232.522
18.5	231.528
109.613	231.712
202.112	231.712
229.965	232.329
309.519	233.42
314.038	231.712
369.868	232.77
24.05	232.822
235.413	232.638
323.119	232.806
341.89	232.946
360.75	233.1
11.447	233.447
61.397	233.447
191.115	234.179
258.538	233.827
328.19	234.21
19.425	234.488
72.497	234.372
129.038	234.488
210.438	234.672
250.49	235.135
355.662	234.488
365.249	234.992
196.562	236.153
205.697	235.528
333.278	235.413
15.263	236.338
227.088	236.338
232.301	236.758
283.512	236.338
293.595	236.8
305.566	236.922
338.272	236.8
20.504	237.16
187.004	237.16
237.448	237.725
254.838	237.263
312.496	237.365
319.896	237.365
362.446	236.954
324.906	237.841
343.522	238.072
359.362	238.188
11.562	239.853
128.575	239.575
191.938	239.853
329.578	239.112
368.728	238.997
102.212	240.038
251.138	239.575
334.388	240.222
363.988	240.038
16.465	241.61
225.422	241.425
286.288	240.962
290.744	241.551
121.175	241.888
196.562	241.888
215.34	242.165
322.362	241.888
362.28	244.164
248.278	243.401
253.913	242.812
259.347	242.697
339.012	242.812
357.821	242.71
264.897	243.622
296.278	243.738
367.688	243.738
20.812	244.663
343.822	244.663
353.003	244.547
241.888	247.191
245.588	245.772
251.991	247.58
306.638	245.588
312.002	245.588
196.562	247.253
257.444	247.269
348.571	246.615
205.998	247.438
35.613	249.103
139.097	248.247
201.356	249.288
278.888	248.627
29.138	249.288
210.9	249.472
247.438	249.288
308.908	249.876
314.458	249.876
344.378	249.75
13.31	250.829
303.862	250.212
320.698	250.675
219.688	251.138
260.49	251.446
284.438	251.138
293.688	251.878
197.025	252.525
206.275	252.062
255.3	251.878
101.172	253.103
234.873	252.988
240.038	252.988
250.212	252.988
325.947	252.872
229.862	253.913
271.025	254.098
289.062	253.913
306.432	254.529
311.54	254.56
316.812	254.098
201.496	254.94
211.178	254.838
265.115	255.146
297.503	254.722
46.815	256.071
205.879	257.018
321.746	255.66
236.193	261.226
253.913	256.688
284.438	256.688
293.502	256.688
89.147	257.497
103.24	258.229
196.748	257.612
215.248	257.612
226.163	257.612
237.725	257.428
273.376	258.692
155.4	258.538
187.621	258.64
210.438	259.848
216.838	261.424
231.25	259
249.288	259.278
279.628	258.538
288.726	258.958
309.181	259.154
314.374	259.042
25.438	259.463
109.613	259.925
130.888	259.925
176.675	259.463
201.608	260.051
267.903	259.578
34.183	260.724
135.79	260.665
222.378	260.976
8.325	261.498
227.23	262.309
283.597	261.649
293.225	261.775
29.474	262.742
148.278	262.7
197.025	262.7
206.149	262.322
273.44	262.546
127.072	263.278
232.068	264.372
278.888	263.903
312.188	263.348
317.275	262.978
248.671	264.19
288.138	264.088
131.812	265.475
137.825	265.475
187.775	265.475
201.518	265.739
210.438	265.012
219.225	265.475
223.85	265.475
278.686	268.23
297.665	266.215
6.198	266.862
16.65	267.325
197.488	266.4
283.512	266.862
320.05	267.325
28.398	267.788
205.998	267.788
214.083	268.549
228.013	267.788
309.749	268.292
314.963	267.788
221.123	270.339
23.588	269.638
134.588	269.638
196.899	269.722
203.813	272.263
209.266	271.364
232.638	269.638
259.463	269.638
149.696	270.665
323.935	270.84
7.678	271.95
43.012	271.488
264.828	271.488
269.89	271.572
276.39	272.135
76.312	272.412
105.913	272.412
138.876	272.328
228.349	272.497
284.438	272.412
301.19	272.721
318.662	272.412
19.99	273.646
200.263	274.078
213.367	273.492
256.585	273.646
292.865	273.646
332.846	273.235
31.265	274.91
70.762	275.002
143.735	274.879
233.1	274.725
328.118	274.879
52.262	275.188
134.588	275.188
195.453	275.188
222.462	275.188
280.429	275.29
41.625	276.575
153.088	276.575
209.358	276.96
217.375	276.575
243.121	276.215
248.178	276.112
7.598	277.038
120.404	277.14
139.212	277.778
285.178	277.5
303.122	277.5
203.962	277.963
308.488	277.963
33.66	279.504
198.749	278.972
255.763	278.888
298.128	278.888
331.612	278.888
45.048	280.275
50.412	279.812
67.988	279.812
73.538	279.812
143.838	279.812
193.788	279.812
326.248	279.812
125.338	280.738
226.44	281.015
264.55	280.922
78.348	281.662
207.158	281.999
288.138	282.403
300.889	282.72
305.713	281.662
381.298	281.662
202.112	282.588
239.421	282.69
86.488	283.512
100.098	283.512
197.025	283.975
272.875	283.975
333.36	283.821
71.04	284.808
122.46	285.054
223.272	284.9
267.788	284.622
307.832	285.478
316.998	284.9
325.138	284.438
127.65	285.178
154.822	285.247
228.115	285.979
263.348	286.102
313.729	285.054
321.101	286.119
378.325	285.979
4.779	286.185
20.196	286.39
205.401	286.596
233.447	286.403
241.389	286.572
383.528	286.403
132.738	286.75
200.448	286.843